94
0 0 1.80959e-15 0
1 0 2.04373e-15 0
2 0 4.34892e-15 0
3 0 2.04373e-15 0
4 0 1.75767e-15 0
5 0 6.13812e-16 0
6 0 3.8503e-16 0
20 0 5.46935e-16 0
26 0 4.55094e-17 0
31 0 4.55094e-17 0
36 0 2.0677e-15 0
39 0 1.90131e-15 0
40 0 1.34228e-15 0
42 0 2.76973e-15 0
43 0 1.27622e-15 0
44 0 1.07717e-15 0
45 0 1.08198e-15 0
47 0 2.25986e-15 0
50 0 1.98547e-15 0
51 0 1.38436e-15 0
53 0 2.96261e-15 0
54 0 9.65792e-16 0
55 0 1.21413e-15 0
56 0 1.43735e-15 0
57 0 2.24466e-15 0
58 0 1.55197e-15 0
59 0 1.75751e-15 0
60 0 1.7584e-15 0
61 0 2.37839e-15 0
62 0 2.34512e-15 0
63 0 9.68396e-16 0
65 0 2.37397e-15 0
68 0 2.13367e-15 0
69 0 1.67098e-15 0
71 0 3.08005e-15 0
72 0 1.56366e-15 0
73 0 1.41264e-15 0
74 0 1.63784e-15 0
75 0 1.91228e-15 0
76 0 1.36482e-15 0
77 0 2.07989e-15 0
78 0 8.44055e-15 0
79 0 6.53734e-16 0
80 0 4.04146e-14 0
81 0 1.11634e-15 0
82 0 2.27976e-16 0
83 0 1.20474e-14 0
84 0 8.8687e-15 0
85 0 1.79703e-14 0
86 0 5.30122e-16 0
87 0 6.24224e-16 0
88 0 1.87855e-14 0
89 0 4.07578e-15 0
90 0 5.70637e-16 0
91 0 1.5311e-15 0
92 0 5.83818e-16 0
93 0 6.36157e-15 0
94 0 4.86474e-16 0
